{"train":[{"id":0,"input":[[3,3,8],[3,7,0],[5,0,0]],"output":[[0,0,5],[0,7,3],[8,3,3]]},{"id":1,"input":[[5,5,2],[1,0,0],[0,0,0]],"output":[[0,0,0],[0,0,1],[2,5,5]]}],"test":[{"id":2,"input":[[6,3,5],[6,8,0],[4,0,0]],"output":[[0,0,4],[0,8,6],[5,3,6]]},{"id":3,"input":[[4,6,6],[0,8,3],[0,0,5]],"output":[[5,0,0],[3,8,0],[6,6,4]]},{"id":4,"input":[[5,3,6],[0,8,6],[0,0,4]],"output":[[0,0,5],[0,8,3],[4,6,6]]},{"id":5,"input":[[4,0,0],[6,8,0],[6,3,5]],"output":[[6,6,4],[3,8,0],[5,0,0]]},{"id":6,"input":[[0,0,0],[0,8,6],[5,3,6]],"output":[[0,0,4],[5,8,6],[5,3,6]]}],"name":"6150a2bd","description":""}